222222222222222222222222222222222222222222222222222222222222222222222222222222222222222222222222222222222222222222222222
200000000000000000000000000000000000000000000000000000000000100000000000000000000000000000000000000000000000000000000002
200000000000000000000000000000000000000000000000000000000000100000000000000000000000000000000000000000000000000000000002
200000000000000000000000000000000000000000000000000000000000100000000000000000000000000000000000000000000000000000000002
200000000000000000000000000000000000000000000000000000000000100000000000000000000000000000000000000000000000000000000002
200000000000000000000000000000000000000000000000000000000000100000000000000000000000000000000000000000000000000000000002
200000000000000000000000000000000000000000000000000000000000100000000000000000000000000000000000000000000000000000000002
200000000000000000000000000000000000000000000000000000000000100000000000000000000000000000000000000000000000000000000002
200000000000000000000000000000000000000000000000000000000000000000000000000000000000000000000000000000000000000000000002
200000000000000000000000000000000000000000000000000000000000000000000000000000000000000000000000000000000000000000000002
200000000000000000000000000000000000000000000000000000000000000000000000000000000000000000000000000000000000000000000002
200000000000000000000000000000000000000000000000000000000000000000000000000000000000000000000000000000000000000000000002
200000000000000000000000000000000000000000000000000000000000000000000000000000000000000000000000000000000000000000000002
211111111111000000000000000000000000000000000000000000000000000000000000000000000000000000000000000000000000111111111112
200000000000000000000000000000000000000000000000000000000000000000000000000000000000000000000000000000000000000000000002
200000000000000000000000000000000000000000000000000000000000000000000000000000000000000000000000000000000000000000000002
200000000000000000000000000000000000000000000000000000000000000000000000000000000000000000000000000000000000000000000002
200000000000000000000000000000000000000000000000000000000000000000000000000000000000000000000000000000000000000000000002
200000000000000000000000000000000000000000000000000000000000000000000000000000000000000000000000000000000000000000000002
200000000000000000000000000000000000000000000000000000000000000000000000000000000000000000000000000000000000000000000002
200000000000000000000000000000000000000000000000000000000000000000000000000000000000000000000000000000000000000000000002
200000000000000000000000000000000000000000000000000000000000000000000000000000000000000000000000000000000000000000000002
200000000000000000000000000000000000000000000000000000000000100000000000000000000000000000000000000000000000000000000002
200000000000000000000000000000000000000000000000000000000000100000000000000000000000000000000000000000000000000000000002
200000000000000000000000000000000000000000000000000000000000100000000000000000000000000000000000000000000000000000000002
200000000000000000000000000000000000000000000000000000000000100000000000000000000000000000000000000000000000000000000002
200000000000000000000000000000000000000000000000000000000000100000000000000000000000000000000000000000000000000000000002
200000000000000000000000000000000000000000000000000000000000100000000000000000000000000000000000000000000000000000000002
200000000000000000000000000000000000000000000000000000000000100000000000000000000000000000000000000000000000000000000002
222222222222222222222222222222222222222222222222222222222222222222222222222222222222222222222222222222222222222222222222
32
13
75
2
100
1
0
25
15
75
3
100
1
0
62
25
75
4
100
1
0
25
20
75
5
100
1
0
